00000000: 11111111 11011000 11111111 11100000 00000000 00010000  ......
00000006: 01001010 01000110 01001001 01000110 00000000 00000001  JFIF..
0000000c: 00000001 00000001 00000000 11110000 00000000 11110000  ......
00000012: 00000000 00000000 11111111 11011011 00000000 01000011  .....C
00000018: 00000000 00000011 00000010 00000010 00000011 00000010  ......
0000001e: 00000010 00000011 00000011 00000011 00000011 00000100  ......
00000024: 00000011 00000011 00000100 00000101 00001000 00000101  ......
0000002a: 00000101 00000100 00000100 00000101 00001010 00000111  ......
00000030: 00000111 00000110 00001000 00001100 00001010 00001100  ......
00000036: 00001100 00001011 00001010 00001011 00001011 00001101  ......
0000003c: 00001110 00010010 00010000 00001101 00001110 00010001  ......
00000042: 00001110 00001011 00001011 00010000 00010110 00010000  ......
00000048: 00010001 00010011 00010100 00010101 00010101 00010101  ......
0000004e: 00001100 00001111 00010111 00011000 00010110 00010100  ......
00000054: 00011000 00010010 00010100 00010101 00010100 11111111  ......
0000005a: 11011011 00000000 01000011 00000001 00000011 00000100  ..C...
00000060: 00000100 00000101 00000100 00000101 00001001 00000101  ......
00000066: 00000101 00001001 00010100 00001101 00001011 00001101  ......
0000006c: 00010100 00010100 00010100 00010100 00010100 00010100  ......
00000072: 00010100 00010100 00010100 00010100 00010100 00010100  ......
00000078: 00010100 00010100 00010100 00010100 00010100 00010100  ......
0000007e: 00010100 00010100 00010100 00010100 00010100 00010100  ......
00000084: 00010100 00010100 00010100 00010100 00010100 00010100  ......
0000008a: 00010100 00010100 00010100 00010100 00010100 00010100  ......
00000090: 00010100 00010100 00010100 00010100 00010100 00010100  ......
00000096: 00010100 00010100 00010100 00010100 00010100 00010100  ......
0000009c: 00010100 00010100 11111111 11000000 00000000 00010001  ......
000000a2: 00001000 00000000 11001111 00000000 11101000 00000011  ......
000000a8: 00000001 00100010 00000000 00000010 00010001 00000001  ."....
000000ae: 00000011 00010001 00000001 11111111 11000100 00000000  ......
000000b4: 00011111 00000000 00000000 00000001 00000101 00000001  ......
000000ba: 00000001 00000001 00000001 00000001 00000001 00000000  ......
000000c0: 00000000 00000000 00000000 00000000 00000000 00000000  ......
000000c6: 00000000 00000001 00000010 00000011 00000100 00000101  ......
000000cc: 00000110 00000111 00001000 00001001 00001010 00001011  ......
000000d2: 11111111 11000100 00000000 10110101 00010000 00000000  ......
000000d8: 00000010 00000001 00000011 00000011 00000010 00000100  ......
000000de: 00000011 00000101 00000101 00000100 00000100 00000000  ......
000000e4: 00000000 00000001 01111101 00000001 00000010 00000011  ..}...
000000ea: 00000000 00000100 00010001 00000101 00010010 00100001  .....!
000000f0: 00110001 01000001 00000110 00010011 01010001 01100001  1A..Qa
000000f6: 00000111 00100010 01110001 00010100 00110010 10000001  ."q.2.
000000fc: 10010001 10100001 00001000 00100011 01000010 10110001  ...#B.
00000102: 11000001 00010101 01010010 11010001 11110000 00100100  ..R..$
00000108: 00110011 01100010 01110010 10000010 00001001 00001010  3br...
0000010e: 00010110 00010111 00011000 00011001 00011010 00100101  .....%
00000114: 00100110 00100111 00101000 00101001 00101010 00110100  &'()*4
0000011a: 00110101 00110110 00110111 00111000 00111001 00111010  56789:
00000120: 01000011 01000100 01000101 01000110 01000111 01001000  CDEFGH
00000126: 01001001 01001010 01010011 01010100 01010101 01010110  IJSTUV
0000012c: 01010111 01011000 01011001 01011010 01100011 01100100  WXYZcd
00000132: 01100101 01100110 01100111 01101000 01101001 01101010  efghij
00000138: 01110011 01110100 01110101 01110110 01110111 01111000  stuvwx
0000013e: 01111001 01111010 10000011 10000100 10000101 10000110  yz....
00000144: 10000111 10001000 10001001 10001010 10010010 10010011  ......
0000014a: 10010100 10010101 10010110 10010111 10011000 10011001  ......
00000150: 10011010 10100010 10100011 10100100 10100101 10100110  ......
00000156: 10100111 10101000 10101001 10101010 10110010 10110011  ......
0000015c: 10110100 10110101 10110110 10110111 10111000 10111001  ......
00000162: 10111010 11000010 11000011 11000100 11000101 11000110  ......
00000168: 11000111 11001000 11001001 11001010 11010010 11010011  ......
0000016e: 11010100 11010101 11010110 11010111 11011000 11011001  ......
00000174: 11011010 11100001 11100010 11100011 11100100 11100101  ......
0000017a: 11100110 11100111 11101000 11101001 11101010 11110001  ......
00000180: 11110010 11110011 11110100 11110101 11110110 11110111  ......
00000186: 11111000 11111001 11111010 11111111 11000100 00000000  ......
0000018c: 00011111 00000001 00000000 00000011 00000001 00000001  ......
00000192: 00000001 00000001 00000001 00000001 00000001 00000001  ......
00000198: 00000001 00000000 00000000 00000000 00000000 00000000  ......
0000019e: 00000000 00000001 00000010 00000011 00000100 00000101  ......
000001a4: 00000110 00000111 00001000 00001001 00001010 00001011  ......
000001aa: 11111111 11000100 00000000 10110101 00010001 00000000  ......
000001b0: 00000010 00000001 00000010 00000100 00000100 00000011  ......
000001b6: 00000100 00000111 00000101 00000100 00000100 00000000  ......
000001bc: 00000001 00000010 01110111 00000000 00000001 00000010  ..w...
000001c2: 00000011 00010001 00000100 00000101 00100001 00110001  ....!1
000001c8: 00000110 00010010 01000001 01010001 00000111 01100001  ..AQ.a
000001ce: 01110001 00010011 00100010 00110010 10000001 00001000  q."2..
000001d4: 00010100 01000010 10010001 10100001 10110001 11000001  .B....
000001da: 00001001 00100011 00110011 01010010 11110000 00010101  .#3R..
000001e0: 01100010 01110010 11010001 00001010 00010110 00100100  br...$
000001e6: 00110100 11100001 00100101 11110001 00010111 00011000  4.%...
000001ec: 00011001 00011010 00100110 00100111 00101000 00101001  ..&'()
000001f2: 00101010 00110101 00110110 00110111 00111000 00111001  *56789
000001f8: 00111010 01000011 01000100 01000101 01000110 01000111  :CDEFG
000001fe: 01001000 01001001 01001010 01010011 01010100 01010101  HIJSTU
00000204: 01010110 01010111 01011000 01011001 01011010 01100011  VWXYZc
0000020a: 01100100 01100101 01100110 01100111 01101000 01101001  defghi
00000210: 01101010 01110011 01110100 01110101 01110110 01110111  jstuvw
00000216: 01111000 01111001 01111010 10000010 10000011 10000100  xyz...
0000021c: 10000101 10000110 10000111 10001000 10001001 10001010  ......
00000222: 10010010 10010011 10010100 10010101 10010110 10010111  ......
00000228: 10011000 10011001 10011010 10100010 10100011 10100100  ......
0000022e: 10100101 10100110 10100111 10101000 10101001 10101010  ......
00000234: 10110010 10110011 10110100 10110101 10110110 10110111  ......
0000023a: 10111000 10111001 10111010 11000010 11000011 11000100  ......
00000240: 11000101 11000110 11000111 11001000 11001001 11001010  ......
00000246: 11010010 11010011 11010100 11010101 11010110 11010111  ......
0000024c: 11011000 11011001 11011010 11100010 11100011 11100100  ......
00000252: 11100101 11100110 11100111 11101000 11101001 11101010  ......
00000258: 11110010 11110011 11110100 11110101 11110110 11110111  ......
0000025e: 11111000 11111001 11111010 11111111 11011010 00000000  ......
00000264: 00001100 00000011 00000001 00000000 00000010 00010001  ......
0000026a: 00000011 00010001 00000000 00111111 00000000 11111101  ...?..
00000270: 01010011 10100010 10001010 00101000 00000000 10100010  S..(..
00000276: 10001010 00101000 00000000 10100010 10001010 00101000  .(...(
0000027c: 00000000 10100010 10001010 00101000 00000000 10100010  ...(..
00000282: 10001010 00101000 00000000 10100010 10001010 00101000  .(...(
00000288: 00000000 10100010 10001010 00101000 00000000 10100010  ...(..
0000028e: 10001010 00101000 00000000 10100010 10001010 00101000  .(...(
00000294: 00000000 10100010 10001010 00101000 00000000 10100010  ...(..
0000029a: 10001010 00101000 00000000 10100010 10001010 00101000  .(...(
000002a0: 00000000 10100010 10001010 00101000 00000000 10100010  ...(..
000002a6: 10001010 00101000 00000000 10100010 10001010 00101000  .(...(
000002ac: 00000000 10100010 10001010 00101000 00000000 10100010  ...(..
000002b2: 10001010 00101000 00000000 10100010 10001010 00101000  .(...(
000002b8: 00000000 10100010 10001010 00101000 00000000 10100010  ...(..
000002be: 10001010 00101000 00000000 10100010 10001010 00101000  .(...(
000002c4: 00000000 10100010 10001010 00101000 00000000 10100010  ...(..
000002ca: 10001010 00101000 00000000 10100010 10001010 00101000  .(...(
000002d0: 00000000 10100010 10001010 00101000 00000000 10100010  ...(..
000002d6: 10001010 00101000 00000000 10100010 10001010 00101000  .(...(
000002dc: 00000000 10100010 10001010 00101000 00000000 10100010  ...(..
000002e2: 10001010 00101000 00000000 10100010 10001010 00101000  .(...(
000002e8: 00000000 10100010 10001010 00101000 00000000 10100010  ...(..
000002ee: 10001010 00101000 00000000 10100010 10001010 00101000  .(...(
000002f4: 00000000 10100010 10001010 00101000 00000000 10100010  ...(..
000002fa: 10001010 00101000 00000000 10100010 10001010 00101000  .(...(
00000300: 00000000 10100010 10001010 00101000 00000000 10100010  ...(..
00000306: 10001010 00101000 00000000 10100010 10001010 00101000  .(...(
0000030c: 00000000 10100010 10001010 00101000 00000000 10100010  ...(..
00000312: 10001010 00101000 00000000 10100010 10001010 00101000  .(...(
00000318: 00000000 10100010 10001010 00101000 00000000 10100010  ...(..
0000031e: 10001010 00101000 00000000 10100010 10001010 00101000  .(...(
00000324: 00000000 10100010 10001010 00101000 00000000 10100010  ...(..
0000032a: 10001010 00101000 00000000 10100010 10001010 00101000  .(...(
00000330: 00000000 10100010 10001010 00101000 00000000 10100010  ...(..
00000336: 10001010 00101000 00000000 10100010 10001010 00101000  .(...(
0000033c: 00000000 10100010 10001010 00101000 00000000 10100010  ...(..
00000342: 10001010 00101000 00000000 10100010 10001010 00101000  .(...(
00000348: 00000000 10100010 10001010 00101000 00000000 10100010  ...(..
0000034e: 10001010 00101000 00000000 10100010 10001010 00101000  .(...(
00000354: 00000000 10100010 10001010 00101000 00000000 10100010  ...(..
0000035a: 10001010 00101000 00000000 10100010 10001010 00101000  .(...(
00000360: 00000000 10100010 10001010 00101000 00000000 10100010  ...(..
00000366: 10001010 00101000 00000000 10100010 10001010 00101000  .(...(
0000036c: 00000000 10100010 10001010 00101000 00000000 10100010  ...(..
00000372: 10001010 00101000 00000000 10100010 10001010 00101000  .(...(
00000378: 00000000 10100010 10001010 00101000 00000000 10100010  ...(..
0000037e: 10001010 00101000 00000000 10100010 10001010 00101000  .(...(
00000384: 00000000 10100010 10001010 00101000 00000000 10100010  ...(..
0000038a: 10001010 00101000 00000000 10100010 10001010 00101000  .(...(
00000390: 00000000 10100010 10001010 00101000 00000000 10100010  ...(..
00000396: 10001010 00101000 00000000 10100010 10001010 00101000  .(...(
0000039c: 00000000 10100010 10001010 00101000 00000000 10100010  ...(..
000003a2: 10001010 00101000 00000000 10100010 10001010 00101000  .(...(
000003a8: 00000000 10100010 10001010 00101000 00000000 10100010  ...(..
000003ae: 10001010 00101000 00000000 10100010 10001010 00101000  .(...(
000003b4: 00000000 10100010 10001010 00101000 00000000 10100010  ...(..
000003ba: 10001010 00101000 00000000 10100010 10001010 00101000  .(...(
000003c0: 00000000 10100010 10001010 00101000 00000000 10100010  ...(..
000003c6: 10001010 00101000 00000000 10100010 10001010 00101000  .(...(
000003cc: 00000000 10100010 10001010 00101000 00000000 10100010  ...(..
000003d2: 10001010 00101000 00000000 10100010 10001010 00101000  .(...(
000003d8: 00000000 10100010 10001010 00101000 00000000 10100010  ...(..
000003de: 10001010 00101000 00000000 10100010 10001010 00101000  .(...(
000003e4: 00000000 10100010 10001010 00101000 00000000 10100010  ...(..
000003ea: 10001010 00101000 00000000 10100010 10001010 00101000  .(...(
000003f0: 00000000 10100010 10001010 00101000 00000000 10100010  ...(..
000003f6: 10001010 00101000 00000000 10100010 10001010 00101000  .(...(
000003fc: 00000000 10100010 10001010 00101000 00000000 10100010  ...(..
00000402: 10001010 00101000 00000000 10100010 10001010 00101000  .(...(
00000408: 00000000 10100010 10001010 00101000 00000000 10100010  ...(..
0000040e: 10001010 00101000 00000000 10100010 10001010 00101000  .(...(
00000414: 00000000 10100010 10001010 00101000 00000000 10100010  ...(..
0000041a: 10001010 00101000 00000000 10100010 10001010 00101000  .(...(
00000420: 00000000 10100010 10001010 00101000 00000000 10100010  ...(..
00000426: 10001010 00101000 00000000 10100010 10001010 00101000  .(...(
0000042c: 00000000 10100010 10001010 00101000 00000000 10100010  ...(..
00000432: 10001010 00101000 00000000 10100010 10001010 00101000  .(...(
00000438: 00000000 10100010 10001010 00101000 00000000 10100010  ...(..
0000043e: 10001010 00101000 00000000 10100010 10001010 00101000  .(...(
00000444: 00000000 10100010 10001010 00101000 00000000 10100010  ...(..
0000044a: 10001010 00101000 00000000 10100010 10001010 00101000  .(...(
00000450: 00000000 10100010 10001010 00101000 00000000 10100010  ...(..
00000456: 10001010 00101000 00000000 10100010 10001010 00101000  .(...(
0000045c: 00000000 10100010 10001010 00101000 00000000 10100010  ...(..
00000462: 10001010 00101000 00000000 10100010 10001010 00101000  .(...(
00000468: 00000000 10100010 10001010 00101000 00000000 10100010  ...(..
0000046e: 10001010 00101000 00000000 10100010 10001010 00101000  .(...(
00000474: 00000000 10100010 10001010 00101000 00000000 10100010  ...(..
0000047a: 10001010 00101000 00000000 10100010 10001010 00101000  .(...(
00000480: 00000000 10100010 10001010 00101000 00000000 10100010  ...(..
00000486: 10001010 00101000 00000000 10100010 10001010 00101000  .(...(
0000048c: 00000000 10100010 10001010 00101000 00000000 10100010  ...(..
00000492: 10001010 00101000 00000000 10100010 10001010 00101000  .(...(
00000498: 00000000 10100010 10001010 00101000 00000000 10100010  ...(..
0000049e: 10001010 00101000 00000000 10100010 10001010 00101000  .(...(
000004a4: 00000000 10100010 10001010 00101000 00000000 10100010  ...(..
000004aa: 10001010 00101000 00000000 10100010 10001010 00101000  .(...(
000004b0: 00000000 10100010 10001010 00101000 00000000 10100010  ...(..
000004b6: 10001010 00101000 00000000 10100010 10001010 00101000  .(...(
000004bc: 00000000 10100010 10001010 00101000 00000000 10100010  ...(..
000004c2: 10001010 00101000 00000000 10100010 10001010 00101000  .(...(
000004c8: 00000000 10100010 10001010 00101000 00000000 10100010  ...(..
000004ce: 10001010 00101000 00000000 10100010 10001010 00101000  .(...(
000004d4: 00000000 10100010 10001010 00101000 00000000 10100010  ...(..
000004da: 10001010 00101000 00000000 10100010 10001010 00101000  .(...(
000004e0: 00000000 10100010 10001010 00101000 00000000 10100010  ...(..
000004e6: 10001010 00101000 00000000 10100010 10001010 00101000  .(...(
000004ec: 00000000 10100010 10001010 00101000 00000000 10100010  ...(..
000004f2: 10001010 00101000 00000000 10100010 10001010 00101000  .(...(
000004f8: 00000000 10100010 10001010 00101000 00000000 10100010  ...(..
000004fe: 10001010 00101000 00000000 10100010 10001010 00101000  .(...(
00000504: 00000000 10100010 10001010 00101000 00000000 10100010  ...(..
0000050a: 10001010 00101000 00000000 10100010 10001010 00101000  .(...(
00000510: 00000000 10100010 10001010 00101000 00000000 10100010  ...(..
00000516: 10001010 00101000 00000000 10100010 10001010 00101000  .(...(
0000051c: 00000000 10100010 10001010 00101000 00000000 10100010  ...(..
00000522: 10001010 00101000 00000000 10100010 10001010 00101000  .(...(
00000528: 00000000 10100010 10001010 00101000 00000000 10100010  ...(..
0000052e: 10001010 00101000 00000000 10100010 10001010 00101000  .(...(
00000534: 00000000 10100010 10001010 00101000 00000000 10100010  ...(..
0000053a: 10001010 00101000 00000000 10100010 10001010 00101000  .(...(
00000540: 00000000 10100010 10001010 00101000 00000000 10100010  ...(..
00000546: 10001010 00101000 00000000 10100010 10001010 00101000  .(...(
0000054c: 00000000 10100010 10001010 00101000 00000000 10100010  ...(..
00000552: 10001010 00101000 00000000 10100010 10001010 00101000  .(...(
00000558: 00000000 10100010 10001010 00101000 00000000 10100010  ...(..
0000055e: 10001010 00101000 00000000 10100010 10001010 00101000  .(...(
00000564: 00000000 10100010 10001010 00101000 00000000 10100010  ...(..
0000056a: 10001010 00101000 00000000 10100010 10001010 00101000  .(...(
00000570: 00000000 10100010 10001010 00101000 00000000 10100010  ...(..
00000576: 10001010 00101000 00000000 10100010 10001010 00101000  .(...(
0000057c: 00000011 11111111 11011001                             ...
